333
379 223
572 244
310 76
7 243
427 628
234 176
114 567
456 0
392 23
174 206
650 96
50 498
33 162
284 371
374 447
0 263
312 606
277 177
0 11
426 609
367 445
150 484
587 414
191 165
574 0
648 106
0 128
444 136
281 486
3 650
0 0
215 47
300 0
607 397
547 650
486 209
0 650
279 612
546 141
275 349
495 635
439 443
640 183
576 501
416 650
54 380
650 260
134 650
0 223
486 256
339 137
417 0
377 61
650 486
0 650
145 403
604 380
0 355
544 240
449 419
244 381
19 650
408 0
641 522
485 0
367 589
300 0
260 231
526 417
396 293
59 81
600 243
650 542
650 179
650 133
364 608
650 473
0 242
0 0
0 242
0 650
494 556
650 63
0 0
0 171
374 650
577 572
160 650
0 650
555 0
318 362
379 496
93 0
0 263
489 650
566 399
373 0
447 28
366 379
182 328
225 622
243 148
0 335
236 0
650 174
195 0
566 478
650 326
11 4
549 427
149 638
50 650
345 121
650 235
67 627
83 430
650 650
0 629
650 531
449 141
82 159
0 500
509 615
67 627
308 211
75 528
511 72
650 549
193 100
639 66
0 650
0 640
162 0
261 0
278 254
332 123
72 265
37 217
244 650
456 450
260 196
650 396
0 143
319 81
250 0
650 345
74 42
0 369
191 250
613 352
36 134
364 650
61 650
0 0
574 650
639 650
276 378
593 226
274 250
650 84
514 205
533 113
609 484
580 104
650 139
300 525
631 374
85 553
476 206
460 379
13 393
354 553
598 177
118 348
472 279
494 4
581 278
232 67
0 437
650 0
473 243
594 310
345 0
643 541
49 420
26 371
114 580
431 235
31 630
650 308
399 650
31 147
621 0
650 650
334 356
481 6
607 431
588 18
348 19
101 171
179 567
58 119
590 252
650 144
508 513
0 650
0 56
625 327
0 0
650 535
596 176
650 474
650 62
650 291
451 520
0 0
650 250
380 273
0 0
421 91
515 430
650 650
503 411
650 543
499 74
0 495
0 184
569 0
640 414
472 42
490 615
340 624
0 543
158 188
410 432
23 516
14 356
388 0
282 0
650 85
650 317
0 295
529 650
444 600
587 265
437 0
0 650
551 650
271 650
489 0
75 15
216 234
166 650
650 0
189 244
650 89
650 228
406 255
511 0
650 209
0 71
119 650
131 377
0 440
18 217
379 88
98 264
430 271
508 149
602 638
410 190
650 5
0 0
542 32
368 347
382 19
286 650
650 484
339 0
0 253
275 650
650 602
209 432
627 446
632 0
438 52
0 70
530 205
251 171
650 276
0 650
409 368
303 167
29 172
354 511
361 0
650 59
534 461
0 621
436 14
190 240
642 436
211 0
397 443
5 484
0 449
0 650
359 0
650 0
21 455
451 338
423 117
495 102
484 433
548 338
633 0
650 303
232 407
151 215
338 9
16 548
131 375
0 602
0 0
456 0
315 499
396 128
0 458
75 235
72 162
436 214
565 11
63 650
92 265
46 214
144 305
154 313
12 169
136 297
38 267
110 333
131 302
136 301
1 263
62 287
182 316
75 257
41 221
146 333
22 218
125 291
248 333
15 176
44 224
54 272
22 167
145 306
70 333
32 260
209 333
93 276
44 239
1 295
254 333
178 316
168 333
21 162
1 115
69 247
1 324
21 227
64 260
83 264
10 135
37 199
30 231
15 140
1 169
97 296
1 192
1 255
168 333
61 225
122 296
128 333
130 301
1 119
1 324
81 280
24 166
122 333
54 224
41 203
75 263
1 288
132 333
11 110
103 333
21 203
168 333
117 285
31 181
71 242
203 319
38 210
1 104
1 230
1 252
19 202
1 123
159 333
254 333
159 333
1 324
14 156
1 274
254 333
191 333
1 186
7 126
1 250
1 324
75 333
72 253
32 212
217 333
146 333
1 136
27 176
146 333
110 297
63 235
95 286
22 242
141 303
129 333
186 333
1 234
193 333
20 153
1 180
249 324
27 172
20 255
1 278
124 298
1 210
26 277
78 285
1 71
31 333
1 105
89 273
170 311
67 333
10 139
26 277
110 282
50 278
81 281
1 102
162 314
42 274
1 324
27 333
202 333
180 333
103 271
127 300
125 300
158 311
1 230
33 189
127 290
1 153
202 333
140 304
183 333
1 175
209 322
118 333
114 290
22 179
192 318
1 192
1 274
254 333
1 106
1 81
76 257
42 221
108 275
1 265
63 242
69 271
14 134
57 266
1 249
35 232
20 168
42 271
73 251
47 205
104 304
26 212
44 237
101 289
58 224
97 301
37 198
168 314
87 333
1 333
66 236
32 190
155 333
8 106
88 295
109 302
37 267
77 251
28 285
1 181
1 174
187 317
51 333
1 71
72 252
102 302
20 151
62 289
147 308
163 307
33 258
191 319
38 207
1 246
20 160
1 324
236 333
23 185
254 333
1 105
45 239
1 123
1 274
1 183
24 178
254 333
1 199
76 246
254 333
108 288
30 179
1 71
37 186
1 104
85 281
70 333
183 333
72 333
17 150
101 294
11 146
17 206
54 333
144 303
43 213
60 293
117 305
138 333
171 333
1 265
1 180
136 333
1 121
15 172
37 201
120 333
1 324
1 113
1 224
100 333
214 322
121 291
1 249
1 333
117 292
1 264
1 212
77 246
89 333
1 221
230 333
1 257
91 284
87 333
163 315
120 294
123 294
68 236
71 260
5 95
91 265
1 292
254 333
78 289
65 247
132 305
1 215
1 122
157 333
150 333
1 223
1 93
65 266
17 138
48 333
111 295
230 333
60 242
136 297
1 185
1 324
58 228
122 293
179 316
35 217
152 333
1 275
25 161
36 333
116 303
120 295
15 137
192 333
41 213
71 302
82 333
1 324
152 333
1 333
76 298
52 222
102 286
81 275
35 188
37 199
48 333
1 181
73 265
134 303
155 313
52 294
91 284
42 333
254 333
110 333
39 229
109 286
80 333
140 304
172 313
80 258
73 295
1 274
